, 1307.              
, 1308.              
, 1450.              
, 5113.              
, 5140.              
, 5500.         
, 5800.              
, 6080.              
, 6526.              
, 6600.              
, 6627.              
, 6640.         
, 6641.         
, 6642.         
, 6643.         
, 6644.         
, 6645.         
, 6646.         
, 6647.         
, 6648.         
, 6649.         
, 6651.         
, 6652.         
, 6700.              
, 6703.         
, 6704.         
, 6706.              
, 6710.              
, 6720.         
, 6850.              
, 6860.         
, 6861.              
, 6862.              
, 6863.              
, 6865.         
, 6866.              
, 6867.              
, 6870.              
, 6900.         
, 6901.              
, 6903.         
, 6905.              
, 7000.         
, 7012.         
, 7122.              
, 7123.              
, 7500.              
, 7510.         